
BẢNG THANG
       Trung_binh  Do_lech_chuan  Thap_nhat  Cao_nhat   Bien_do  CV_phan_tram
Thang                                                                        
1         7888.22        1407.02    4939.83  11135.89   6196.06         17.84
2         6760.14        1197.36    4111.96   9583.54   5471.58         17.71
3         4982.12         823.10    3269.64   7309.13   4039.49         16.52
4         6403.92        1346.69    4339.36  10381.14   6041.78         21.03
5         6009.40        1785.57    3609.05   9864.28   6255.23         29.71
6         9450.14        3466.57    4059.71  19519.25  15459.54         36.68
7        19466.14        3374.00   13443.80  27871.70  14427.90         17.33
8        12677.36        2007.37    8607.43  17898.63   9291.19         15.83
9        18659.91        4656.07   10594.05  28554.53  17960.48         24.95
10        9096.36        3336.51    5412.95  19994.49  14581.54         36.68
11        7342.01        1707.20    4687.03  11051.14   6364.11         23.25
12        6215.53        2072.34    3968.54  12585.31   8616.77         33.34

BẢNG QUY
     Trung_binh  Do_lech_chuan  Thap_nhat  Cao_nhat   Bien_do  CV_phan_tram   Dau_quy  Cuoi_quy  Thay_doi_phan_tram
Quy                                                                                                                
1       6536.27        1684.76    3269.64  11135.89   7866.25         25.78  10322.49   5389.82              -47.79
2       7273.77        2828.64    3609.05  19519.25  15910.20         38.89   4850.84  17567.32              262.15
3      16915.71        4636.77    8607.43  28554.53  19947.10         27.41  15810.59  18176.81               14.97
4       7553.57        2751.09    3968.54  19994.49  16025.95         36.42  19994.49   6024.86              -69.87

BẢNG NGAY_BAT_THUONG
 Ngay_so  Ngay  Tham_chieu      San     Tran  So_lan_cham_san  So_lan_cham_tran  So_lan_bang_tham_chieu  So_lan_vuot_bien
       1 01/01    10000.00  9000.00 11000.00                1                 2                       0                 0
       2 02/01     9000.00  8100.00  9900.00                1                 3                       0                 0
       3 03/01     8100.00  7290.00  8910.00                1                 4                       0                 0
       4 04/01     8910.00  8019.00  9801.00                0                 2                       0                 0
       5 05/01     9270.03  8343.03 10197.03                3                 1                       0                 0
       6 06/01     9335.94  8402.34 10269.53                3                 0                       0                 0
       7 07/01     8402.34  7562.11  9242.58                3                 1                       0                 0
       8 08/01     7562.11  6805.90  8318.32                3                 0                       0                 0
       9 09/01     7605.96  6845.37  8366.56                6                 1                       0                 0
      10 10/01     8366.56  7529.90  9203.22                0                 3                       0                 0
      11 11/01     9203.22  8282.89 10123.54                2                 3                       0                 0
      12 12/01    10123.54  9111.18 11135.89                2                 3                       0                 0
      13 13/01     9111.18  8200.06 10022.30                2                 2                       0                 0
      14 14/01     8453.45  7608.10  9298.79                0                 2                       0                 0
      15 15/01     8146.49  7331.84  8961.14                3                 2                       0                 0
      16 16/01     8961.14  8065.02  9857.25                2                 3                       0                 0
      17 17/01     8357.02  7521.31  9192.72                2                 1                       0                 0
      18 18/01     7880.42  7092.38  8668.46                2                 3                       0                 0
      19 19/01     7837.26  7053.53  8620.98                5                 1                       0                 0
      20 20/01     7053.53  6348.18  7758.88                3                 2                       0                 0
      21 21/01     6348.18  5713.36  6982.99                2                 4                       0                 0
      22 22/01     6160.16  5544.15  6776.18                3                 3                       0                 0
      23 23/01     5544.15  4989.73  6098.56                2                 5                       0                 0
      24 24/01     6098.56  5488.70  6708.42                3                 1                       0                 0
      25 25/01     5488.70  4939.83  6037.57                2                 2                       0                 0
      26 26/01     5818.11  5236.30  6399.92                0                 2                       0                 0
      27 27/01     6380.43  5742.39  7018.47                0                 1                       0                 0
      28 28/01     6846.43  6161.79  7531.08                2                 1                       0                 0
      29 29/01     7315.34  6583.81  8046.87                1                 4                       0                 0
      30 30/01     8046.87  7242.19  8851.56                1                 3                       0                 0
      31 31/01     8851.56  7966.41  9736.72                4                 1                       0                 0
      32 01/02     8712.31  7841.08  9583.54                1                 2                       0                 0
      33 02/02     8088.33  7279.50  8897.16                3                 3                       0                 0
      34 03/02     7474.52  6727.07  8221.97                3                 2                       0                 0
      35 04/02     7803.89  7023.50  8584.27                3                 2                       0                 0
      36 05/02     8095.05  7285.54  8904.55                0                 3                       0                 0
      37 06/02     8477.58  7629.82  9325.34                4                 0                       0                 0
      38 07/02     7629.82  6866.84  8392.81                1                 2                       0                 0
      39 08/02     8392.81  7553.53  9232.09                3                 0                       0                 0
      40 09/02     7871.53  7084.38  8658.69                4                 2                       0                 0
      41 10/02     7084.38  6375.94  7792.82                3                 3                       0                 0
      42 11/02     6375.94  5738.35  7013.54                1                 3                       0                 0
      43 12/02     7013.54  6312.18  7714.89                2                 2                       0                 0
      44 13/02     7174.16  6456.74  7891.57                4                 0                       0                 0
      45 14/02     6456.74  5811.07  7102.42                3                 1                       0                 0
      46 15/02     5811.07  5229.96  6392.17                2                 3                       0                 0
      47 16/02     6392.17  5752.96  7031.39                3                 1                       0                 0
      48 17/02     7031.39  6328.25  7734.53                3                 2                       0                 0
      49 18/02     7734.53  6961.08  8507.98                0                 2                       0                 0
      50 19/02     7141.55  6427.40  7855.71                5                 1                       0                 0
      51 20/02     6427.40  5784.66  7070.14                2                 3                       0                 0
      52 21/02     5784.66  5206.19  6363.13                3                 3                       0                 0
      53 22/02     6363.13  5726.81  6999.44                3                 3                       0                 0
      54 23/02     5726.81  5154.13  6299.49                1                 2                       0                 0
      55 24/02     5154.13  4638.72  5669.54                1                 3                       0                 0
      56 25/02     5127.77  4614.99  5640.55                3                 3                       0                 0
      57 26/02     5640.55  5076.49  6204.60                3                 3                       0                 0
      58 27/02     5076.49  4568.84  5584.14                1                 3                       0                 0
      59 28/02     4568.84  4111.96  5025.73                2                 0                       0                 0
      60 01/03     4111.96  3700.76  4523.16                4                 0                       0                 0
      61 02/03     3700.76  3330.69  4070.84                2                 2                       0                 0
      62 03/03     3632.94  3269.64  3996.23                1                 0                       0                 0
      63 04/03     3669.09  3302.18  4036.00                0                 4                       0                 0
      64 05/03     4036.00  3632.40  4439.60                1                 4                       0                 0
      65 06/03     4439.60  3995.64  4883.56                2                 4                       0                 0
      66 07/03     3995.64  3596.08  4395.21                4                 2                       0                 0
      67 08/03     4219.40  3797.46  4641.34                2                 2                       0                 0
      68 09/03     4637.53  4173.78  5101.28                1                 4                       0                 0
      69 10/03     5101.28  4591.16  5611.41                3                 2                       0                 0
      70 11/03     5242.55  4718.29  5766.80                1                 3                       0                 0
      71 12/03     5418.07  4876.27  5959.88                1                 0                       0                 0
      72 13/03     5207.81  4687.03  5728.59                3                 1                       0                 0
      73 14/03     4687.03  4218.32  5155.73                2                 2                       0                 0
      74 15/03     5152.73  4637.46  5668.00                1                 3                       0                 0
      75 16/03     4961.73  4465.56  5457.90                0                 4                       0                 0
      76 17/03     5280.10  4752.09  5808.11                3                 2                       0                 0
      77 18/03     5082.72  4574.45  5590.99                1                 2                       0                 0
      78 19/03     4755.94  4280.35  5231.53                1                 5                       0                 0
      79 20/03     5231.53  4708.38  5754.69                3                 3                       0                 0
      80 21/03     5754.69  5179.22  6330.16                2                 1                       0                 0
      81 22/03     5545.56  4991.00  6100.12                1                 2                       0                 0
      82 23/03     5453.26  4907.93  5998.58                5                 1                       0                 0
      83 24/03     4907.93  4417.14  5398.72                2                 0                       0                 0
      84 25/03     4896.63  4406.96  5386.29                3                 3                       0                 0
      85 26/03     5386.29  4847.66  5924.92                1                 3                       0                 0
      86 27/03     5924.92  5332.43  6517.41                3                 1                       0                 0
      87 28/03     5800.13  5220.12  6380.15                2                 1                       0                 0
      88 29/03     6048.68  5443.81  6653.55                1                 1                       0                 0
      89 30/03     6644.66  5980.20  7309.13                4                 1                       0                 0
      90 31/03     5980.20  5382.18  6578.21                2                 2                       0                 0
      91 01/04     5389.82  4850.84  5928.80                1                 4                       0                 0
      92 02/04     5928.80  5335.92  6521.68                1                 4                       0                 0
      93 03/04     6521.68  5869.52  7173.85                2                 1                       0                 0
      94 04/04     7173.85  6456.47  7891.24                1                 3                       0                 0
      95 05/04     6580.30  5922.27  7238.33                4                 0                       0                 0
      96 06/04     5922.27  5330.04  6514.50                1                 5                       0                 0
      97 07/04     6514.50  5863.05  7165.95                1                 3                       0                 0
      98 08/04     6673.58  6006.22  7340.93                2                 1                       0                 0
      99 09/04     6006.22  5405.60  6606.84                3                 0                       0                 0
     100 10/04     5405.60  4865.04  5946.16                2                 3                       0                 0
     101 11/04     5064.14  4557.72  5570.55                0                 3                       0                 0
     102 12/04     5570.55  5013.50  6127.61                4                 3                       0                 0
     103 13/04     5013.50  4512.15  5514.84                4                 1                       0                 0
     104 14/04     5256.46  4730.82  5782.11                1                 2                       0                 0
     105 15/04     5357.23  4821.51  5892.95                2                 4                       0                 0
     106 16/04     4821.51  4339.36  5303.66                2                 3                       0                 0
     107 17/04     5303.66  4773.29  5834.02                2                 2                       0                 0
     108 18/04     5834.02  5250.62  6417.43                2                 2                       0                 0
     109 19/04     5250.62  4725.56  5775.68                2                 2                       0                 0
     110 20/04     4980.73  4482.66  5478.81                4                 0                       0                 0
     111 21/04     5373.53  4836.18  5910.89                1                 4                       0                 0
     112 22/04     5910.89  5319.80  6501.97                0                 3                       0                 0
     113 23/04     6497.85  5848.06  7147.63                1                 3                       0                 0
     114 24/04     7147.63  6432.87  7862.40                3                 4                       0                 0
     115 25/04     7862.40  7076.16  8648.64                0                 3                       0                 0
     116 26/04     8648.64  7783.77  9513.50                2                 1                       0                 0
     117 27/04     7783.77  7005.40  8562.15                1                 2                       0                 0
     118 28/04     8562.15  7705.94  9418.37                2                 2                       0                 0
     119 29/04     8738.83  7864.94  9612.71                3                 1                       0                 0
     120 30/04     9437.40  8493.66 10381.14                2                 1                       0                 0
     121 01/05     8535.59  7682.03  9389.15                4                 2                       0                 0
     122 02/05     7682.03  6913.83  8450.24                2                 2                       0                 0
     123 03/05     7849.93  7064.94  8634.92                1                 3                       0                 0
     124 04/05     7064.94  6358.44  7771.43                1                 2                       0                 0
     125 05/05     7708.73  6937.85  8479.60                2                 2                       0                 0
     126 06/05     8336.79  7503.11  9170.47                3                 1                       0                 0
     127 07/05     8380.58  7542.52  9218.63                3                 3                       0                 0
     128 08/05     7542.52  6788.27  8296.77                3                 1                       0                 0
     130 10/05     8967.52  8070.77  9864.28                3                 1                       0                 0
     131 11/05     8070.77  7263.69  8877.85                2                 3                       0                 0
     132 12/05     7933.80  7140.42  8727.18                2                 3                       0                 0
     133 13/05     7140.42  6426.38  7854.46                4                 2                       0                 0
     134 14/05     6426.38  5783.74  7069.01                2                 2                       0                 0
     135 15/05     5783.74  5205.36  6362.11                4                 1                       0                 0
     136 16/05     5205.36  4684.83  5725.90                3                 2                       0                 0
     137 17/05     4684.83  4216.35  5153.31                3                 0                       0                 0
     138 18/05     4359.20  3923.28  4795.12                1                 1                       0                 0
     139 19/05     4192.45  3773.20  4611.69                1                 2                       0                 0
     140 20/05     4010.06  3609.05  4411.06                2                 2                       0                 0
     141 21/05     4411.06  3969.96  4852.17                3                 2                       0                 0
     142 22/05     4180.72  3762.65  4598.80                1                 4                       0                 0
     143 23/05     4598.80  4138.92  5058.68                4                 1                       0                 0
     144 24/05     4138.92  3725.03  4552.81                0                 3                       0                 0
     145 25/05     4340.47  3906.42  4774.51                1                 4                       0                 0
     146 26/05     4774.51  4297.06  5251.97                0                 4                       0                 0
     147 27/05     4847.59  4362.83  5332.34                1                 0                       0                 0
     148 28/05     4915.31  4423.78  5406.84                6                 0                       0                 0
     149 29/05     4423.78  3981.40  4866.16                1                 3                       0                 0
     150 30/05     4189.97  3770.97  4608.97                1                 2                       0                 0
     151 31/05     4414.29  3972.86  4855.72                2                 1                       0                 0
     152 01/06     4510.79  4059.71  4961.87                3                 2                       0                 0
     153 02/06     4718.09  4246.28  5189.89                2                 1                       0                 0
     154 03/06     5189.89  4670.90  5708.88                0                 3                       0                 0
     155 04/06     5708.88  5138.00  6279.77                2                 2                       0                 0
     156 05/06     6279.77  5651.79  6907.75                1                 2                       0                 0
     157 06/06     6907.75  6216.97  7598.52                2                 2                       0                 0
     158 07/06     7598.52  6838.67  8358.38                3                 1                       0                 0
     159 08/06     8267.06  7440.35  9093.76                1                 4                       0                 0
     160 09/06     8211.32  7390.19  9032.46                4                 2                       0                 0
     161 10/06     7680.70  6912.63  8448.77                3                 2                       0                 0
     162 11/06     7634.25  6870.82  8397.67                0                 5                       0                 0
     163 12/06     7598.98  6839.08  8358.88                2                 2                       0                 0
     164 13/06     8209.90  7388.91  9030.89                0                 4                       0                 0
     165 14/06     8150.62  7335.56  8965.68                2                 1                       0                 0
     166 15/06     7335.56  6602.00  8069.11                2                 3                       0                 0
     167 16/06     8069.11  7262.20  8876.02                0                 4                       0                 0
     168 17/06     8876.02  7988.42  9763.63                1                 2                       0                 0
     169 18/06     8497.66  7647.90  9347.43                3                 3                       0                 0
     170 19/06     9347.43  8412.68 10282.17                3                 2                       0                 0
     171 20/06    10282.17  9253.95 11310.39                2                 3                       0                 0
     172 21/06     9253.95  8328.56 10179.35                2                 3                       0                 0
     173 22/06     9559.79  8603.81 10515.77                1                 2                       0                 0
     174 23/06    10515.77  9464.19 11567.35                2                 3                       0                 0
     175 24/06    11544.36 10389.93 12698.80                0                 2                       0                 0
     176 25/06    12698.80 11428.92 13968.68                3                 1                       0                 0
     177 26/06    13697.97 12328.17 15067.77                1                 3                       0                 0
     178 27/06    15067.77 13560.99 16574.54                1                 2                       0                 0
     179 28/06    16131.61 14518.45 17744.77                2                 2                       0                 0
     180 29/06    17744.77 15970.29 19519.25                4                 1                       0                 0
     181 30/06    15970.29 14373.26 17567.32                2                 3                       0                 0
     182 01/07    17567.32 15810.59 19324.05                2                 1                       0                 0
     183 02/07    19002.14 17101.92 20902.35                3                 1                       0                 0
     184 03/07    20740.01 18666.01 22814.01                1                 2                       0                 0
     185 04/07    22814.01 20532.61 25095.41                2                 3                       0                 0
     186 05/07    23026.96 20724.26 25329.65                2                 3                       0                 0
     187 06/07    24026.74 21624.07 26429.42                2                 3                       0                 0
     188 07/07    21624.07 19461.66 23786.48                3                 1                       0                 0
     189 08/07    20639.75 18575.77 22703.72                0                 2                       0                 0
     190 09/07    19666.27 17699.65 21632.90                4                 0                       0                 0
     191 10/07    20940.42 18846.38 23034.46                2                 3                       0                 0
     192 11/07    23034.46 20731.01 25337.91                0                 3                       0                 0
     193 12/07    25337.91 22804.11 27871.70                3                 1                       0                 0
     194 13/07    22804.11 20523.70 25084.53                3                 3                       0                 0
     195 14/07    21361.14 19225.03 23497.25                2                 2                       0                 0
     196 15/07    19225.03 17302.52 21147.53                2                 1                       0                 0
     197 16/07    17302.52 15572.27 19032.78                3                 3                       0                 0
     198 17/07    15572.27 14015.04 17129.50                3                 1                       0                 0
     199 18/07    15322.22 13790.00 16854.44                3                 1                       0                 0
     200 19/07    16707.75 15036.98 18378.53                0                 6                       0                 0
     201 20/07    15455.07 13909.56 17000.57                3                 2                       0                 0
     202 21/07    15298.63 13768.77 16828.49                1                 4                       0                 0
     203 22/07    16828.49 15145.64 18511.34                1                 2                       0                 0
     204 23/07    18511.34 16660.21 20362.48                1                 2                       0                 0
     205 24/07    19230.39 17307.35 21153.42                3                 3                       0                 0
     206 25/07    21153.42 19038.08 23268.77                3                 2                       0                 0
     207 26/07    19038.08 17134.27 20941.89                1                 4                       0                 0
     208 27/07    18627.70 16764.93 20490.47                4                 3                       0                 0
     209 28/07    20490.47 18441.42 22539.51                2                 5                       0                 0
     210 29/07    18441.42 16597.28 20285.56                4                 1                       0                 0
     211 30/07    16597.28 14937.55 18257.01                2                 3                       0                 0
     212 31/07    14937.55 13443.80 16431.31                5                 0                       0                 0
     213 01/08    13443.80 12099.42 14788.18                4                 1                       0                 0
     214 02/08    12099.42 10889.47 13309.36                0                 7                       0                 0
     215 03/08    13309.36 11978.42 14640.29                2                 4                       0                 0
     216 04/08    14640.29 13176.26 16104.32                1                 4                       0                 0
     217 05/08    13176.26 11858.64 14493.89                2                 3                       0                 0
     218 06/08    11858.64 10672.77 13044.50                1                 4                       0                 0
     219 07/08    13044.50 11740.05 14348.95                2                 2                       0                 0
     220 08/08    14348.95 12914.06 15783.85                0                 2                       0                 0
     221 09/08    15444.43 13899.99 16988.88                2                 0                       0                 0
     222 10/08    14762.59 13286.33 16238.85                0                 4                       0                 0
     223 11/08    16238.85 14614.96 17862.73                1                 0                       0                 0
     224 12/08    16271.48 14644.33 17898.63                3                 2                       0                 0
     225 13/08    14644.33 13179.90 16108.76                2                 2                       0                 0
     226 14/08    13787.17 12408.45 15165.88                2                 1                       0                 0
     227 15/08    13572.88 12215.59 14930.17                4                 2                       0                 0
     228 16/08    14086.73 12678.05 15495.40                1                 3                       0                 0
     229 17/08    12678.05 11410.25 13945.86                4                 0                       0                 0
     230 18/08    11410.25 10269.22 12551.27                1                 2                       0                 0
     231 19/08    12517.39 11265.65 13769.13                5                 0                       0                 0
     232 20/08    11265.65 10139.09 12392.22                0                 4                       0                 0
     233 21/08    12392.22 11153.00 13631.44                5                 2                       0                 0
     234 22/08    11153.00 10037.70 12268.30                1                 3                       0                 0
     235 23/08    11177.94 10060.15 12295.74                2                 2                       0                 0
     236 24/08    10195.30  9175.77 11214.83                0                 3                       0                 0
     237 25/08     9563.81  8607.43 10520.19                2                 2                       0                 0
     238 26/08    10520.19  9468.17 11572.21                2                 0                       0                 0
     239 27/08    11259.95 10133.96 12385.95                2                 1                       0                 0
     240 28/08    10133.96  9120.56 11147.35                1                 1                       0                 0
     241 29/08    10390.60  9351.54 11429.67                0                 2                       0                 0
     242 30/08    10951.08  9855.97 12046.19                2                 2                       0                 0
     243 31/08    12046.19 10841.57 13250.81                1                 2                       0                 0
     244 01/09    13250.81 11925.73 14575.89                2                 2                       0                 0
     245 02/09    12568.36 11311.53 13825.20                4                 0                       0                 0
     246 03/09    13605.93 12245.33 14966.52                0                 3                       0                 0
     247 04/09    14262.81 12836.53 15689.09                4                 1                       0                 0
     248 05/09    15689.09 14120.18 17258.00                2                 1                       0                 0
     249 06/09    16147.01 14532.31 17761.71                2                 3                       0                 0
     250 07/09    14532.31 13079.08 15985.54                4                 1                       0                 0
     251 08/09    13079.08 11771.17 14386.99                4                 0                       0                 0
     252 09/09    11771.17 10594.05 12948.29                2                 2                       0                 0
     253 10/09    12392.22 11153.00 13631.44                2                 3                       0                 0
     254 11/09    13631.44 12268.30 14994.59                1                 3                       0                 0
     255 12/09    14994.59 13495.13 16494.04                2                 3                       0                 0
     256 13/09    16494.04 14844.64 18143.45                2                 3                       0                 0
     257 14/09    18143.45 16329.10 19957.79                2                 3                       0                 0
     258 15/09    19957.79 17962.01 21953.57                3                 2                       0                 0
     259 16/09    21953.57 19758.22 24148.93                3                 1                       0                 0
     260 17/09    23837.16 21453.44 26220.87                4                 2                       0                 0
     261 18/09    21453.44 19308.10 23598.79                2                 3                       0                 0
     262 19/09    23598.79 21238.91 25958.66                3                 3                       0                 0
     263 20/09    25958.66 23362.80 28554.53                2                 1                       0                 0
     264 21/09    23362.80 21026.52 25699.08                2                 1                       0                 0
     265 22/09    21026.52 18923.87 23129.17                1                 2                       0                 0
     266 23/09    21872.75 19685.48 24060.03                3                 3                       0                 0
     267 24/09    22685.22 20416.70 24953.75                2                 2                       0                 0
     268 25/09    22601.00 20340.90 24861.10                1                 3                       0                 0
     269 26/09    24861.10 22374.99 27347.21                3                 2                       0                 0
     270 27/09    22374.99 20137.49 24612.49                0                 4                       0                 0
     271 28/09    24612.49 22151.24 27073.74                2                 2                       0                 0
     272 29/09    22151.24 19936.12 24366.37                2                 2                       0                 0
     273 30/09    20196.45 18176.81 22216.10                6                 0                       0                 0
     274 01/10    18176.81 16359.13 19994.49                4                 1                       0                 0
     275 02/10    16359.13 14723.21 17995.04                1                 5                       0                 0
     276 03/10    15774.97 14197.47 17352.46                4                 1                       0                 0
     277 04/10    15389.68 13850.71 16928.65                3                 2                       0                 0
     278 05/10    13850.71 12465.64 15235.78                3                 3                       0                 0
     279 06/10    12465.64 11219.08 13712.21                3                 3                       0                 0
     280 07/10    11219.08 10097.17 12340.99                2                 3                       0                 0
     281 08/10    10097.17  9087.45 11106.89                3                 2                       0                 0
     282 09/10     9087.45  8178.71  9996.20                2                 4                       0                 0
     283 10/10     8178.71  7360.84  8996.58                4                 0                       0                 0
     284 11/10     7404.57  6664.11  8145.02                4                 1                       0                 0
     285 12/10     6664.11  5997.70  7330.52                3                 1                       0                 0
     286 13/10     6114.63  5503.17  6726.10                1                 3                       0                 0
     287 14/10     6014.39  5412.95  6615.82                3                 3                       0                 0
     288 15/10     6615.82  5954.24  7277.41                2                 4                       0                 0
     289 16/10     7277.41  6549.67  8005.15                3                 1                       0                 0
     290 17/10     7669.41  6902.47  8436.35                2                 4                       0                 0
     291 18/10     8436.35  7592.72  9279.99                2                 2                       0                 0
     292 19/10     8400.16  7560.14  9240.17                1                 4                       0                 0
     293 20/10     7560.14  6804.13  8316.16                1                 2                       0                 0
     294 21/10     8316.16  7484.54  9147.77                3                 1                       0                 0
     295 22/10     7484.54  6736.09  8233.00                1                 2                       0                 0
     296 23/10     8233.00  7409.70  9056.29                2                 3                       0                 0
     297 24/10     7409.70  6668.73  8150.67                2                 3                       0                 0
     298 25/10     8150.67  7335.60  8965.73                3                 1                       0                 0
     299 26/10     7335.60  6602.04  8069.16                1                 2                       0                 0
     300 27/10     7168.90  6452.01  7885.79                2                 2                       0                 0
     301 28/10     7885.79  7097.21  8674.37                5                 1                       0                 0
     302 29/10     7097.21  6387.49  7806.93                4                 2                       0                 0
     303 30/10     6387.49  5748.74  7026.24                3                 0                       0                 0
     304 31/10     6218.34  5596.50  6840.17                3                 3                       0                 0
     305 01/11     5596.50  5036.85  6156.15                3                 1                       0                 0
     306 02/11     5353.06  4817.76  5888.37                1                 2                       0                 0
     307 03/11     5888.37  5299.53  6477.21                3                 2                       0                 0
     308 04/11     5299.53  4769.58  5829.49                3                 2                       0                 0
     309 05/11     5207.81  4687.03  5728.60                2                 3                       0                 0
     310 06/11     5728.60  5155.74  6301.46                0                 6                       0                 0
     311 07/11     6301.46  5671.31  6931.60                2                 2                       0                 0
     312 08/11     6076.95  5469.26  6684.65                4                 2                       0                 0
     313 09/11     5469.26  4922.33  6016.18                1                 3                       0                 0
     314 10/11     6016.18  5414.56  6617.80                3                 2                       0                 0
     315 11/11     5414.56  4873.11  5956.02                1                 3                       0                 0
     316 12/11     5956.02  5360.42  6551.62                1                 2                       0                 0
     317 13/11     6017.06  5415.35  6618.76                3                 3                       0                 0
     318 14/11     6618.76  5956.89  7280.64                3                 3                       0                 0
     319 15/11     7280.64  6552.58  8008.71                3                 3                       0                 0
     320 16/11     8008.71  7207.83  8809.58                1                 2                       0                 0
     321 17/11     7685.54  6916.98  8454.09                2                 3                       0                 0
     322 18/11     8454.09  7608.68  9299.50                1                 3                       0                 0
     323 19/11     7760.19  6984.17  8536.21                2                 2                       0                 0
     324 20/11     7984.33  7185.90  8782.76                2                 1                       0                 0
     325 21/11     8379.67  7541.71  9217.64                1                 4                       0                 0
     326 22/11     7593.52  6834.17  8352.87                1                 4                       0                 0
     327 23/11     8352.87  7517.58  9188.16                3                 2                       0                 0
     328 24/11     9188.16  8269.34 10106.97                4                 2                       0                 0
     329 25/11     9133.17  8219.86 10046.49                2                 3                       0                 0
     330 26/11    10046.49  9041.84 11051.14                5                 1                       0                 0
     331 27/11     9041.84  8137.66  9946.03                0                 3                       0                 0
     332 28/11     9946.03  8951.42 10940.63                2                 2                       0                 0
     333 29/11     9858.26  8872.43 10844.09                3                 0                       0                 0
     334 30/11     9800.90  8820.81 10780.99                0                 4                       0                 0
     335 01/12     9455.53  8509.98 10401.08                2                 3                       0                 0
     336 02/12    10401.08  9360.97 11441.19                3                 3                       0                 0
     337 03/12    11441.19 10297.07 12585.31                2                 2                       0                 0
     338 04/12    10297.07  9267.36 11326.78                3                 3                       0                 0
     339 05/12     9267.36  8340.63 10194.10                1                 3                       0                 0
     340 06/12     8340.63  7506.57  9174.69                2                 2                       0                 0
     341 07/12     7767.59  6990.83  8544.35                5                 1                       0                 0
     342 08/12     6990.83  6291.75  7689.92                3                 2                       0                 0
     343 09/12     6291.75  5662.57  6920.92                2                 2                       0                 0
     344 10/12     5662.57  5096.32  6228.83                0                 2                       0                 0
     345 11/12     5210.74  4689.66  5731.81                2                 0                       0                 0
     346 12/12     4689.66  4220.70  5158.63                2                 2                       0                 0
     347 13/12     5158.63  4642.77  5674.49                2                 1                       0                 0
     348 14/12     5538.24  4984.42  6092.06                3                 2                       0                 0
     349 15/12     4984.42  4485.97  5482.86                2                 1                       0                 0
     350 16/12     5482.86  4934.57  6031.14                2                 3                       0                 0
     351 17/12     4934.57  4441.11  5428.03                5                 2                       0                 0
     352 18/12     4441.11  3997.00  4885.23                1                 2                       0                 0
     353 19/12     4409.49  3968.54  4850.44                2                 1                       0                 0
     354 20/12     4680.52  4212.46  5148.57                4                 3                       0                 0
     355 21/12     5148.57  4633.71  5663.42                1                 5                       0                 0
     356 22/12     4633.71  4170.34  5097.08                2                 2                       0                 0
     357 23/12     4469.41  4022.47  4916.35                3                 4                       0                 0
     358 24/12     4916.35  4424.71  5407.98                3                 1                       0                 0
     359 25/12     4869.63  4382.67  5356.59                2                 4                       0                 0
     360 26/12     5356.59  4820.93  5892.25                4                 0                       0                 0
     361 27/12     5775.42  5197.88  6352.96                3                 3                       0                 0
     362 28/12     5356.70  4821.03  5892.37                3                 0                       0                 0
     363 29/12     5532.47  4979.23  6085.72                1                 5                       0                 0
     364 30/12     6085.72  5477.15  6694.29                3                 3                       0                 0
     365 31/12     5477.15  4929.43  6024.86                2                 2                       0                 0
